[header]
width=50
height=50
tilewidth=21
tileheight=21
orientation=orthogonal

[tilesets]
tileset=../Documents/GitHub/intro_to_game/Assignment_4/NYUCodebase/spritesheet_rgba.png,21,21,0,0
tileset=../Documents/GitHub/intro_to_game/Assignment_4/NYUCodebase/spritesheet_rgba.png,21,21,0,0

[layer]
type=Tiles
data=
0,0,0,0,0,0,0,0,0,0,0,0,0,0,0,0,0,0,0,0,0,0,0,0,0,0,0,0,0,0,0,0,0,0,0,0,0,0,0,0,0,0,0,0,0,0,0,0,0,0,
0,0,0,0,0,0,0,0,0,0,0,0,0,0,0,0,0,0,0,0,0,0,0,0,0,0,0,0,0,0,0,0,0,0,0,0,0,0,0,0,0,0,0,0,0,0,0,0,0,0,
0,0,0,0,0,0,0,0,0,0,0,0,0,0,0,0,0,0,0,0,0,0,0,0,0,0,0,0,0,0,0,0,0,0,0,0,0,0,0,0,0,0,0,0,0,0,0,0,0,0,
0,0,0,0,0,0,0,0,0,0,0,0,0,0,0,0,0,0,0,0,0,0,0,0,0,0,0,0,0,0,0,0,0,0,0,0,0,0,0,0,0,0,0,0,0,0,0,0,0,0,
123,123,0,0,0,0,0,0,0,0,0,0,0,0,0,0,0,0,0,0,0,0,0,0,0,0,0,0,0,0,0,0,0,0,0,0,0,0,0,0,0,0,0,0,0,0,0,0,0,0,
153,153,123,123,0,0,0,0,0,0,0,0,0,0,0,0,0,0,0,0,0,0,0,0,0,0,0,0,0,0,0,0,0,0,0,0,0,0,0,0,0,0,0,0,0,0,0,0,0,0,
153,153,153,153,123,123,123,0,0,0,0,0,0,0,0,0,0,0,0,0,0,0,0,0,0,0,0,0,0,0,0,0,0,0,0,0,0,0,0,0,0,0,0,0,0,0,0,0,0,0,
153,153,153,153,153,153,153,123,123,0,0,0,0,0,0,0,0,0,0,0,0,0,0,0,0,0,0,0,0,0,0,0,0,0,0,0,0,0,0,0,0,0,0,0,0,0,0,0,0,0,
587,153,153,153,153,153,153,153,153,123,123,123,0,0,0,0,0,0,0,0,0,0,0,0,0,0,0,0,0,0,0,0,0,0,0,0,0,0,0,0,0,0,0,0,0,0,0,0,0,0,
587,587,587,153,153,153,153,153,153,153,153,153,123,123,0,0,0,0,0,0,0,0,0,0,0,0,0,0,0,0,0,0,0,0,0,0,0,0,0,0,0,0,0,0,0,0,0,0,0,0,
587,587,587,587,153,153,153,153,153,153,153,153,153,153,123,123,123,0,0,0,0,0,0,0,0,0,0,0,0,0,0,0,0,0,0,0,0,0,0,0,0,0,0,0,0,0,0,0,0,0,
587,587,587,587,587,153,153,153,153,153,153,153,153,153,153,153,153,123,123,0,0,0,0,0,0,0,0,0,0,0,0,0,0,0,0,0,0,0,0,0,0,0,0,0,0,0,0,0,0,0,
587,587,587,587,587,587,587,587,587,153,153,153,153,153,153,153,153,153,153,123,123,123,0,0,0,0,0,0,0,0,0,0,0,0,0,0,0,0,0,0,0,0,0,0,0,0,0,0,123,123,
587,587,587,587,587,587,587,587,587,587,587,587,153,153,153,153,153,153,153,153,153,153,123,0,0,0,0,0,0,0,0,0,0,0,0,0,0,0,0,0,0,0,0,0,0,0,0,123,153,153,
587,587,587,587,587,587,587,587,587,587,587,587,587,587,153,153,153,153,153,153,153,153,153,0,0,0,0,0,0,0,0,0,0,0,0,0,0,0,0,0,0,0,0,0,0,123,123,153,153,153,
587,587,587,587,587,587,587,587,587,587,587,587,587,587,587,587,153,153,0,0,0,0,0,0,0,0,0,0,0,0,0,0,0,0,0,0,0,0,0,0,0,0,0,0,123,153,153,153,153,153,
587,587,587,587,587,587,587,587,587,587,587,587,587,587,587,587,153,0,0,0,0,0,0,0,0,0,0,0,0,0,0,0,0,0,0,0,0,0,0,0,0,0,0,123,153,153,153,153,153,153,
587,587,587,587,587,587,587,587,587,587,587,587,587,587,0,0,0,0,0,0,0,0,0,0,0,0,0,0,0,0,0,0,0,0,0,0,0,0,0,0,0,0,123,153,153,153,153,153,153,153,
587,587,587,587,587,587,587,587,587,587,587,587,587,587,0,0,0,0,0,0,0,0,0,0,0,0,0,0,0,0,0,0,0,0,0,0,0,0,0,0,0,0,153,153,153,153,153,153,153,153,
587,587,587,587,587,587,587,587,587,587,587,587,587,0,0,0,0,0,0,0,0,0,0,0,0,0,0,0,0,0,0,0,0,0,0,0,0,0,0,0,0,123,153,153,153,153,153,153,153,153,
587,587,587,587,587,587,587,587,587,587,0,587,587,0,0,0,0,0,0,0,0,0,0,0,0,0,0,0,0,0,0,0,0,0,0,0,0,0,0,0,123,153,153,153,153,153,153,153,153,153,
587,587,587,587,587,587,587,587,587,0,0,587,587,0,0,0,0,0,0,0,0,0,0,0,0,0,0,0,0,0,0,0,0,0,0,0,0,0,123,123,153,153,153,153,153,587,587,153,153,153,
0,587,587,587,587,587,587,587,587,0,0,0,0,0,0,0,0,0,0,0,0,0,0,0,0,0,0,0,0,0,0,0,0,0,0,0,0,123,153,153,153,153,153,587,587,587,587,587,587,153,
0,0,587,587,0,0,587,587,0,0,0,0,0,0,0,0,0,0,0,0,0,0,0,123,123,123,123,123,0,0,0,0,0,123,123,123,123,153,153,153,153,153,587,587,587,587,587,587,587,587,
0,0,0,0,0,0,587,587,0,0,0,0,0,0,0,0,0,0,0,0,0,0,123,153,153,153,153,153,123,123,123,123,123,153,153,153,153,153,153,153,153,587,587,587,587,587,587,587,587,587,
0,0,0,0,0,0,587,587,0,0,0,0,0,0,0,0,0,0,0,0,0,0,123,153,153,153,153,153,153,153,153,153,153,153,153,153,153,153,153,587,587,587,587,587,587,587,587,587,587,587,
0,0,0,0,0,0,587,587,0,0,0,0,0,0,0,0,0,0,0,0,0,123,153,153,153,153,153,153,153,153,153,153,153,153,153,153,153,587,587,587,587,587,587,587,587,587,587,587,587,587,
0,0,0,0,0,0,0,0,0,0,0,0,0,0,0,0,0,0,123,123,123,153,153,153,153,153,153,153,153,153,153,153,153,153,153,587,587,587,587,587,587,587,587,587,587,587,587,587,587,587,
0,0,0,0,0,0,0,0,0,0,0,0,0,0,0,0,0,123,153,153,153,153,153,153,153,153,587,587,587,587,587,587,587,587,587,587,587,587,587,587,587,587,587,587,587,587,587,587,587,587,
0,0,0,0,0,0,0,0,0,0,0,0,0,0,0,0,0,153,153,153,153,153,153,587,587,587,587,587,587,587,587,587,587,587,587,587,587,587,587,587,587,587,587,587,587,587,587,587,587,587,
0,0,0,0,0,0,0,0,0,0,0,0,0,0,0,0,0,0,153,153,153,153,587,587,587,587,587,587,587,587,587,587,587,587,587,587,587,587,587,587,587,587,587,587,587,587,587,587,587,587,
0,0,0,0,0,0,0,0,0,0,0,0,0,0,0,0,0,0,0,153,153,587,587,587,587,587,587,587,587,587,587,587,587,587,587,587,587,587,587,587,587,587,587,587,0,0,0,0,587,587,
0,0,0,0,0,0,0,0,0,0,0,0,0,0,0,0,0,0,0,0,0,587,587,587,587,587,587,587,587,587,587,587,587,587,587,587,587,587,587,587,587,587,587,0,0,0,0,0,0,587,
0,0,0,0,0,0,0,0,0,0,0,0,0,0,0,0,0,0,0,0,0,0,587,587,587,587,587,587,587,587,587,587,587,587,587,587,587,587,587,587,587,587,0,0,0,0,0,0,0,587,
123,123,123,0,0,0,0,0,0,0,0,0,0,0,0,0,0,0,0,0,0,0,587,587,587,587,587,587,587,587,587,587,587,587,587,587,587,587,587,587,587,587,0,0,0,0,0,0,0,0,
153,153,153,123,123,0,0,0,0,0,0,0,0,0,0,0,0,0,0,0,0,0,0,587,587,587,587,587,587,587,587,587,587,587,587,587,587,587,587,587,587,0,0,0,0,0,0,0,0,0,
153,153,153,153,153,123,123,0,0,0,0,0,0,0,0,0,0,0,0,0,0,0,0,0,587,587,587,587,587,587,587,587,587,0,0,0,0,0,0,0,0,0,0,0,0,0,0,0,557,557,
153,153,153,153,153,153,153,123,0,0,0,0,0,0,0,0,0,0,0,0,0,0,0,0,0,0,0,0,0,0,0,0,0,0,0,0,0,0,0,0,0,0,0,557,557,557,557,557,587,587,
153,153,153,153,153,153,153,153,123,0,0,0,0,0,0,0,0,0,0,0,0,0,0,0,0,0,0,0,0,0,0,0,0,0,0,557,557,557,557,557,557,557,557,587,587,587,587,587,587,587,
153,153,153,153,153,153,153,153,153,123,123,0,0,0,0,0,0,0,0,0,0,0,0,0,0,0,0,0,0,0,0,0,0,0,0,0,0,587,587,587,587,0,0,587,587,587,587,587,587,587,
153,153,153,153,153,153,153,153,153,153,153,123,0,0,0,0,0,0,0,0,0,0,0,0,0,0,0,0,0,0,0,0,0,0,0,0,0,0,587,587,0,0,0,587,587,587,587,587,587,587,
153,153,153,153,153,153,153,153,153,153,153,153,123,0,0,0,0,0,0,0,0,0,0,0,0,123,123,123,123,123,123,123,0,0,0,0,0,0,0,0,0,0,0,0,0,587,587,587,587,587,
589,589,153,153,153,153,153,153,153,0,0,153,153,123,0,0,0,0,0,0,0,0,0,0,0,0,153,153,153,153,153,153,153,153,0,0,0,0,0,0,0,0,0,0,0,587,587,587,587,587,
589,589,589,589,589,153,153,153,153,0,0,0,153,153,123,0,0,0,0,0,0,0,0,0,0,0,0,0,153,153,153,153,153,153,0,0,0,0,0,0,0,0,0,0,0,0,587,587,587,587,
589,589,589,589,589,589,589,589,589,0,0,0,0,153,153,123,123,123,123,123,0,0,0,0,0,0,0,0,0,0,153,153,153,153,0,0,0,0,0,0,0,0,0,0,0,0,0,587,587,0,
589,589,589,589,589,589,589,589,589,0,0,0,0,0,0,0,0,0,153,153,123,123,123,123,0,0,0,0,0,0,0,589,589,589,589,0,0,0,0,0,0,0,0,0,0,0,0,587,587,0,
589,589,589,589,589,589,589,589,589,589,0,0,0,0,0,0,0,0,0,0,0,0,0,153,123,0,0,0,0,0,0,0,589,589,589,589,0,0,0,0,0,0,0,0,0,0,0,587,587,0,
589,589,589,589,589,589,589,589,589,589,589,0,0,0,0,0,0,0,0,0,0,0,0,0,0,0,0,0,0,0,0,589,589,589,589,589,0,0,0,0,0,0,0,0,0,0,0,0,0,0,
589,589,589,589,589,589,589,589,589,589,589,589,589,589,589,589,589,589,589,589,0,0,0,0,0,0,0,0,0,0,589,589,589,589,589,0,0,0,0,0,0,0,0,0,0,0,0,0,0,0,
589,589,589,589,589,589,589,589,589,589,589,589,589,589,589,589,589,589,589,589,589,589,589,589,589,589,0,0,0,589,589,589,589,0,0,0,0,0,0,0,0,0,0,0,0,0,0,0,0,0

[Object Layer 1]
# Start
type=Start
location=6,5,1,1

[Object Layer 1]
type=star
location=18,11,1,1

[Object Layer 1]
type=star
location=20,11,1,1

[Object Layer 1]
type=star
location=21,12,1,1

[Object Layer 1]
type=star
location=24,13,1,1

[Object Layer 1]
type=star
location=27,20,1,1

[Object Layer 1]
type=star
location=31,14,1,1

[Object Layer 1]
type=star
location=46,12,1,1

[Object Layer 1]
type=star
location=42,14,1,1

[Object Layer 1]
type=star
location=11,23,1,1

[Object Layer 1]
type=star
location=43,36,1,1

[Object Layer 1]
type=star
location=10,45,1,1

[Object Layer 1]
type=star
location=10,46,1,1

[Object Layer 1]
type=star
location=9,45,1,1

[Object Layer 1]
type=star
location=1,34,1,1

[Object Layer 1]
type=star
location=28,49,1,1

[Object Layer 1]
type=star
location=45,36,1,1

[Object Layer 1]
type=star
location=46,35,1,1

[Object Layer 1]
type=star
location=47,35,1,1

